0000000159900000001599
0001001159916690401599
0002001159911788711599
0010001159906124511599
0010002159905042841599
0011001159907744731599
0011002159903747301599
0011003159900057801599
0011004159900013621599
0011005159900015771599
0011006159900095311599
0012001159907201391599
0012002159903452741599
0012003159900618111599
0012004159900107491599
0012005159900118251599
0013001015800565710158
0013002015800403720158
0014001025701349760257
0014002025700186150257
0015001025200918260252
0015002025200795900252
0016001009700453200097
0016002009700142990097
0017001007900288180079
0017002007900200260079
0017003007900012870079
0018001006700280550067
0018002006700229320067
0018003006700008030067
0019001011800644240118
0019002011800100880118
0019003011800057630118
0020001019100971010191
0020002019100358600191
0021001031401636180314
0021002031400843560314
0022001010200492200102
0022002010200280220102
0023001000400011810004
0023002000400014880004
0024001000100006020001
0025001011700646020117
0026001000200014260002
0027001005100162720051
0027002005100171170051
0028001002900099030029
0028002002900026700029
0029001005600218190056
0030001009200517070092
0031001006500359070065
0032001000300019960003
0032002000300015690003
0033001012300638280123
0034001004600219950046
0034002004600044460046
0035001000100005900001
0036001000200004900002
0037001008500435340085
0038001003500188750035
0039001000200014260002
0040001004200177900042
0041001003200182540032
0042001007800421980078
0042002007800186140078
0042003007800015910078
0043001008000434680080
0043002008000166610080
0044001000800028000008
0044002000800027960008
0044003000800001780008
0045001004300124430043
0045002004300153750043
0046001002600102550026
0047001000300010540003
0048001005800265370058
0049001004400220250044
0050001003700144260037
0051001005600224600056
0052001006000302190060
0053001007900332080079
0054001003900137260039
0055001002000080000020
0056001003500166130035
0057001002300106330023
0058001005000169500050
0058002005000146530050
0059001007200340230072
0060001002000059740020
0060002002000091410020
0061001007200381800072
0061002007200094590072
0062001001200056220012
0063001005500307010055
0064001000500019670005
0064002000500019630005
0065001000600018510006
0065002000600024370006
0066001000300019090003
0066002000300016230003
0067001000100002080001
0067002000100001360001
0068001001200037600012
0068002001200054260012
0068003001200002970012
0069001007500400960075
0070001007700277890077
0070002007700299890077
0071001006700309780067
0071002006700116920067
0072001005600232740056
0072002005600172840056
0073001006200307120062
0074001000600039780006
0075001000700040540007
0076001003300124050033
0076002003300046940033
0077001005100308530051
0077002005100072880051
0078001004600235410046
0078002004600025160046
0079001003500087030035
0079002003500184740035
0080001153106030911531
0080002153105410581531
0080003153104900631531
0080004153101839631531
0080005153101851591531
0080006153101961221531
0081001159905013531599
0081002159905402141599
0081003159900738891599
0082001159906965861599
0082002159903849371599
0083001108403772651084
0083002108403628461084
0084001159908388771599
0085001159907941161599
0086001159907805981599
0087001159907082961599
0088001159907530251599
0089001159907490521599
0090001159907306231599
0091001159907278791599
0092001159907305211599
0093001159907347981599
0094001159907242481599
0095001159907248991599
0096001159907242681599
0097001159907207081599
0098001159906928331599
0099001159907287031599
0100001004500189500045
0101001004500189730045
0102001013100491140131
0103001007200293360072
0104001007200286400072
0105001007200289040072
0106001005400240350054
0107001014900785760149
0108001014900782120149
0109001006100205350061
0110001006100205390061
0111001006100204740061
0112001024100827020241
0112002024100821990241
0113001022500841120225
0113002022500697940225
0114001003700130940037
0115001003700134390037
0116001028501242250285
0117001001100021380011
0117002001100018740011
0118001000800022870008
0119001000400000000004
0120001159907131501599
0120002159902132061599
0121001159906561231599
0121002159902129871599
0122001159905725971599
0122002159903192181599
0123001159906525251599
0123002159902136741599
0124001159906593491599
0124002159901977821599
0125001159906387851599
0125002159902110981599
0126001159905251211599
0126002159903301001599
0127001159905704911599
0127002159902792941599
0128001159906297661599
0128002159902217161599
0129001159906435531599
0129002159901989941599
0130001159906220941599
0130002159902159591599
0131001159906188831599
0131002159902268811599
0132001159906392701599
0132002159902013941599
0133001159906008361599
0133002159902358801599
0134001159906108671599
0134002159902330861599
0135001159906409241599
0135002159901976341599
0136001159906232921599
0136002159902191731599
0137001159906266521599
0137002159902105871599
0138001159906239271599
0138002159902129331599
0139001159906439631599
0139002159901916991599
0140001159905913291599
0140002159902410431599
0141001159906459551599
0141002159901880071599
0142001159906137931599
0142002159902145441599
0143001159906260821599
0143002159902072431599
0144001159904205181599
0144002159904311951599
0145001159905916011599
0145002159902432421599
0146001159906463861599
0146002159901847131599
0147001159906565051599
0147002159901769331599
0148001159906047701599
0148002159902340531599
0149001159906394831599
0149002159901904551599
0150001159906474201599
0150002159901877901599
0151001159905073121599
0151002159903432361599
0152001159906233941599
0152002159902080571599
0153001159906445641599
0153002159901888561599
0154001159906594821599
0154002159901743921599
0155001159906330911599
0155002159902053661599
0156001159906075861599
0156002159902270171599
0157001159906249981599
0157002159902056751599
0158001159906242861599
0158002159902057661599
0159001159906525161599
0159002159901809551599
0160001159905732021599
0160002159902625791599
0161001159906357421599
0161002159901904271599
0162001159906420501599
0162002159901880411599
0163001159906139981599
0163002159902140021599
0164001159906125931599
0164002159902182681599
0165001159906426401599
0165002159901868151599
0166001159906246251599
0166002159902017621599
0167001159906325261599
0167002159901984181599
0168001159906125171599
0168002159902133531599
0169001159906467171599
0169002159901857021599
0170001159906207921599
0170002159902092121599
0171001159906183281599
0171002159902112941599
0172001159906056181599
0172002159902290451599
0173001159906247751599
0173002159901953881599
0174001159905836101599
0174002159902342701599
0175001159905215741599
0175002159903112781599
0176001159906487351599
0176002159901770541599
0177001159906264791599
0177002159901931221599
0178001159906502601599
0178002159901724131599
0179001159905911011599
0179002159902332991599
0180001159905621731599
0180002159902723011599
0181001159906582671599
0181002159901831461599
0182001002400100540024
0182002002400038910024
0183001002400094000024
0183002002400043630024
0184001000900015030009
0184002000900035260009
0185001002400114910024
0185002002400051930024
0186001002400106110024
0186002002400061240024
0187001002400044390024
0187002002400120400024
0188001000900049830009
0188002000900010900009
0189001003400166240034
0189002003400090940034
0190001000800013790008
0190002000800027230008
0191001000800027080008
0191002000800013460008
0192001000800028140008
0192002000800010990008
0193001005000281960050
0193002005000035470050
0194001002900138350029
0194002002900090680029
0195001001000028840010
0195002001000031700010
0196001001300067660013
0196002001300027540013
0197001001200034670012
0197002001200051210012
0198001002200096570022
0198002002200074730022
0199001005200201270052
0199002005200128510052
0200001007800326810078
0200002007800173850078
0201001003700222110037
0201002003700081250037
0202001003700233610037
0202002003700071440037
0203001000600011660006
0203002000600014680006
0204001001400060120014
0204002001400065860014